2 401 289 4
-56 35 0
-44 104 0
56 166 0
25 74 1
21 19 1
-30 -86 1
-255 -176 1
-88 -32 2
-207 -36 2
-251 88 2
63 116 3
109 84 3
147 47 3
194 -29 3
-270 174 2
-220 231 2
-9 166 0
117 160 0
187 149 0
186 -70 3
163 -120 3
106 -146 3
-72 -106 1
-98 -125 1
-193 -159 1
-322 -136 1
-334 -81 1
-333 -24 1
-230 11 2
-243 52 2
-152 254 2
-110 257 2
-58 257 2
-6 248 2
60 -179 3
9 -205 3
-21 138 0
-53 66 0
236 127 0
264 86 0
254 41 0
39 235 2
70 226 2
-135 -41 2
7 -25 1
-150 -143 1
167 20 3
-50 -207 3
265 23 0
101 220 2
-339 -8 1
-263 136 2
130 64 3
274 -25 0
152 197 2
268 -60 0
170 188 2
179 -2 3
88 104 3
220 174 2
258 -111 0
82 163 0
154 150 0
-343 6 1
-344 34 1
-248 112 2
-239 209 2
237 -164 0
264 -88 0
166 -228 0
220 -177 0
-92 -216 3
-188 241 2
125 -127 3
173 -88 3
-335 80 1
254 168 2
279 -7 0
275 2 0
251 -136 0
189 -206 0
